# 52-by-3 rvecs
4.407614890718835055e-01 4.662986553661572775e-01 1.503940844856681336e+00
-3.870482549537513917e-01 3.145785981249739627e-01 1.525805848068790604e+00
-9.102300709942084955e-02 -5.899249763748554837e-02 1.552967424648370898e+00
4.408778263553864707e-01 4.712322730330066878e-01 1.486659692791754805e+00
3.718657123109596618e-01 -4.398508902680393073e-01 1.490371583526989063e+00
-5.094905112768257022e-04 -1.338754116248903059e-01 1.509643591509844507e+00
-4.233277807428605377e-01 2.576311055029504860e-01 1.481037668597152468e+00
1.754211452165262974e-01 -2.610406376772400061e-01 1.548634757086349678e+00
-3.218209294873710657e-01 -4.156514230008026556e-01 -1.541142335977366162e+00
-4.143636028349650391e-01 -3.352962290642886312e-01 1.507091780503599043e+00
1.851125168002615007e-01 2.575632227373015892e-01 1.493824706908533306e+00
-1.753391493513041244e-01 -1.203278834364510524e-01 1.556218837034318181e+00
-1.744802452454833064e-01 -1.256051080906280537e-01 1.556656265199073630e+00
1.131290741827144924e-01 3.102437921794403142e-01 1.564019661470057887e+00
1.493128765574868178e-01 2.974594666547466515e-01 1.568285828009525984e+00
1.056678491254556124e-01 3.122715306286263370e-01 1.573253623012843327e+00
-1.738225556802585614e-01 -1.271329037530812833e-01 1.556741723428390234e+00
-9.172315149449694616e-02 -6.373199108466477691e-02 1.541497226525174957e+00
-1.767302867342973316e-01 -1.209794306091473842e-01 1.556179923181121083e+00
-1.677280761855962088e-01 -1.332651617192506521e-01 1.557547109317143130e+00
2.102313976939115814e-02 -1.848784960276832201e-01 -1.549825681272217759e+00
-1.778019431360775005e-01 -1.253337732364993296e-01 1.556179195159886897e+00
-2.141635488289790890e-01 -7.706539113783777983e-02 1.550751530887306995e+00
-1.781812173852832248e-01 -1.176743016412668541e-01 1.555908922952431439e+00
-1.736732692277977441e-01 -1.286251451739487961e-01 1.556824372506983911e+00
-1.957759206253348316e-01 -9.821058645043578839e-02 1.558778731536760720e+00
-1.505753524397562826e-01 1.744457850449750991e-01 -1.583216329317546522e+00
-1.546634466054395418e-01 -1.480909393919543904e-01 1.564682826208956490e+00
1.545701915726440390e-01 -1.830710894327885196e-01 -1.530568479969236062e+00
-2.138105318575047598e-01 5.364191611382238684e-02 1.542322663774253533e+00
2.350406642196733731e-01 -1.734018068487947206e-01 -1.523951369953046031e+00
6.404838441772319202e-01 5.866813115451909866e-01 1.430859819869509275e+00
-1.136283430880675877e-01 2.488563729347823342e-02 1.567741287191089405e+00
8.187944154676671249e-02 -1.777968032044109359e-01 -1.545014499869624025e+00
2.114589762322627853e-01 2.255277329363756522e-01 1.523426891995455668e+00
4.394220328018270116e-01 4.586362572966235507e-01 1.498771467186695405e+00
2.487461121986023482e-01 3.646635748869198612e-01 1.540836509151378486e+00
2.732953728392399917e-01 3.206682070792726269e-01 1.517081719363360337e+00
3.835282169328259605e-01 4.827441011542754068e-01 1.503853376011126342e+00
-5.504575294930998813e-02 -9.246107717442843266e-02 -1.549862027150740396e+00
-3.060486136289924941e-01 -2.465439508236326460e-01 1.547845325671777905e+00
3.882075127193932995e-01 3.857446479920800253e-01 1.495134101906190338e+00
3.839202779470127780e-01 -4.682941094284009953e-01 1.523403355804666459e+00
1.229850981371271856e-01 -3.342645533461362228e-02 1.490274492947747165e+00
-7.148530263583068034e-02 -8.369436947119061887e-02 1.537726897087053901e+00
2.885372405682765096e-01 3.236185576067506231e-01 1.515430838625666521e+00
2.426577693971503358e-01 3.997635863915190435e-01 1.523901047108803253e+00
-6.883904085833214559e-01 5.701429700430473702e-01 1.396299418229800082e+00
1.306930878608162649e-01 1.574293581960511668e-01 1.543359903501329233e+00
2.245726139952590739e-01 5.097825778380034034e-01 1.563675717457794878e+00
2.718353317386059675e-01 6.878414748139648482e-01 1.506120698921491030e+00
2.703470067233814111e-01 5.973836326826544862e-01 1.534794992500562172e+00
