# 52-by-3 tvecs
6.208583171041358817e+00 -1.042464578515896356e+00 1.618790254018368202e+01
2.155967597801661473e+00 -1.395033551749819800e+00 7.678131765049521107e+00
2.206135277963072738e+00 -1.250081843521557934e+00 7.359949345708586499e+00
6.944657462007339355e+00 -9.533401929898582816e-01 1.592657933081398802e+01
1.907265997419042902e+00 -1.222563114197241507e+00 6.682211984124512227e+00
1.926740814257623446e+00 -1.351055870252015012e+00 7.478760769929141183e+00
-2.414583301707534879e+00 -1.295512284849199114e+00 2.109053740872364813e+01
2.026273840132318149e+00 -1.763048801858044801e+00 7.308462175733375865e+00
-2.927262442792360808e+00 1.410065988437372519e+00 6.537014889804113160e+00
-2.627980990142522177e+00 -1.260359244874330154e+00 2.214201959306223699e+01
1.615716826809517892e+00 -1.292818433688943447e+00 7.410586162276013411e+00
-3.021212610600749304e+00 -7.729226359360066301e-01 1.884391018630077852e+01
-3.021099010525992057e+00 -7.720411915676238523e-01 1.884426494586966427e+01
2.172778760315140278e+00 -1.093033361348260346e+00 8.145296358172222639e+00
6.673497202792115779e-01 -1.022725602798272071e+00 1.030524072711078709e+01
2.111319547497993998e+00 -1.020225202397931241e+00 9.595320405109642792e+00
-3.020916528731899309e+00 -7.720978818538520860e-01 1.884017965946520334e+01
-3.751047403824898652e+00 -1.047300323634725583e+00 1.933094259958215133e+01
-3.020132327107491133e+00 -7.730805351794898250e-01 1.883840197509417891e+01
-3.013591024498845528e+00 -7.718018671510135098e-01 1.880239673264092914e+01
-4.540485742330936603e+00 1.832820700268111835e+00 1.029738541238897653e+01
-3.023233193095212989e+00 -7.722852413533533023e-01 1.885305617335848183e+01
-3.074382051307605668e+00 -9.769345905035943245e-01 1.874218139593541110e+01
-3.028557285385959474e+00 -7.738243403120307340e-01 1.887523074736333584e+01
-3.019773814189936623e+00 -7.718980898657378242e-01 1.883639295293611227e+01
-7.360077547379688390e-02 -1.004190755124196865e+00 1.277966274289025428e+01
-7.433731163372864437e+00 1.935866883113939174e+00 2.180034181360340639e+01
-7.103808824792872123e-01 -1.006624609391804759e+00 1.742682545725697096e+01
-5.662295813239342834e+00 1.807681960697695045e+00 1.390640739492550537e+01
-3.405906346734073775e+00 -1.232236557034569246e+00 2.118124894037982031e+01
-6.072944273359665246e+00 1.993196723678814397e+00 1.780433860801643675e+01
-2.707470563627555116e+00 -1.248818681634893402e+00 1.913225471037885939e+01
-2.313014811634952927e+00 -1.163173165083855931e+00 2.113114647570084159e+01
-7.863788794538004723e+00 2.009319886819830536e+00 1.782420404564928518e+01
-1.697528106104633894e+00 -1.269046021937565882e+00 2.054500872100945941e+01
7.054867277911999857e+00 -8.705051927954103874e-01 1.599147187842324769e+01
1.503299080229629325e+00 -1.109268563641640171e+00 6.821847656898378354e+00
1.488832420154981850e-01 -1.212737199095119234e+00 1.950619532656699562e+01
5.086222480334612328e+00 -1.167110299036228538e+00 1.676614683616835322e+01
-3.338685069304759168e+00 1.865312179908481971e+00 6.709596293567621217e+00
2.351173680914103059e+00 -1.106334389232289883e+00 7.953478222595262714e+00
2.818054331441338434e+00 -1.142086435856014992e+00 1.822705663640235585e+01
-2.536510526263739962e+00 -1.404401405556775284e+00 2.044451195850471237e+01
-2.470272551576951692e+00 -1.169939320496252044e+00 2.089335032051460317e+01
-2.492685867130513877e+00 -1.265630798078797969e+00 2.101476352250344348e+01
6.643628441618873559e+00 -1.463239250694521987e+00 2.275624953600126688e+01
4.717723662086160452e+00 -1.567877947098330615e+00 1.885879627223494381e+01
-2.499058697398195861e+00 -1.418518299670406435e+00 2.103516188118918961e+01
1.103362834524262226e+01 -1.099519594884835971e+00 1.761379111490234450e+01
1.030458282935880021e+01 -1.033194842865160057e+00 1.826323300003268457e+01
8.185356030857878551e+00 -1.169205475196113175e+00 1.888870775327085738e+01
9.760475859849291780e+00 -1.084229754509848931e+00 2.029683769320938325e+01
