# 159-by-3 rvecs
-2.289065949710840930e-01 1.314193748104128812e-01 -1.548898976787411508e+00
-4.924459384683675389e-01 -6.267689424552597144e-01 1.519076164511012239e+00
-2.327795518760945037e-01 1.564394208627366001e-01 -1.492653287383969074e+00
-2.222266419874449617e-01 -8.119676951707508472e-01 1.572157552411783454e+00
-1.941737592186825179e-01 -2.083719192641188267e-02 1.522652301956571863e+00
-1.255104402392062668e-01 -7.574090053760307306e-03 -1.519741219520745590e+00
-9.659537323603920034e-02 -1.030449759214146083e-01 -1.569581423631033035e+00
2.149646840770267353e-01 3.394816126153412661e-01 1.563432000045917425e+00
2.238281386893228031e-01 -4.236774096153352875e-01 -1.504803069990010345e+00
2.180478147551827561e-01 3.742835304365150217e-01 1.565074511649724442e+00
2.956120196091246433e-01 3.838185971103161842e-01 1.504941317520105848e+00
1.753982533326750581e-01 3.968885770346182174e-01 1.567148607797620885e+00
7.322136491978417649e-02 2.421339776744322325e-01 1.545332020143700857e+00
-2.530480369142479313e-01 5.783088678396863108e-02 -1.556563493642016294e+00
3.107017688630427377e-01 5.258256655050106421e-01 1.523715568476023741e+00
2.845346414887465203e-01 3.501588006865402058e-01 1.557924515477198124e+00
-2.356254472355705787e-01 1.053273335037747949e-01 -1.544282779049017451e+00
-1.685156639164960002e-01 2.186852382524447913e-01 -1.498847355541212734e+00
4.143266610162298358e-01 5.293416853737685779e-01 1.489022934705227508e+00
8.675387565388371913e-02 3.705336941055510924e-01 1.577855474435451599e+00
-3.353056309405109681e-01 2.247702074215276666e-02 -1.516180726243413490e+00
-3.187159389533622544e-01 2.988594480053800573e-01 -1.471623967924480691e+00
-1.374959892062554111e-02 2.322273244180232676e-01 1.557453518828773698e+00
1.444962024449213817e-02 2.391131288132431754e-01 1.533703396579561895e+00
1.818454263893612144e-01 3.925414710788387995e-01 1.558695010682658477e+00
-2.534541530848546387e-01 1.184253281841915889e-01 -1.546901369778869606e+00
2.070736805832041894e-01 3.940913940273946814e-01 1.575619035206846652e+00
-2.316480497914395198e-01 7.923500011646433805e-02 -1.525450216539936843e+00
-1.940957436412373283e-01 -8.883843173136873536e-03 -1.548766346076438483e+00
-4.163702538095490069e-01 2.179632325423182526e-01 -1.514086187397555738e+00
1.093218518883365270e-01 3.710289621389246117e-01 1.534067426784884836e+00
-2.572907753489424021e-01 1.050355518747352751e-01 -1.543929479216849643e+00
4.995391728939352349e-01 8.199232918122063563e-01 1.526195725890675536e+00
5.462563016568614538e-01 8.190740317964428918e-01 1.501461606266388582e+00
3.984098050555381354e-01 9.700803070237237202e-01 1.572832378348946403e+00
5.326892969341555650e-01 8.336247476288433100e-01 1.508589342487256513e+00
4.583118881320027427e-01 9.087836873150410000e-01 1.545418686016389431e+00
5.341933442259684250e-01 8.346937401702775317e-01 1.507693301191578739e+00
5.409736506916315024e-01 8.230581993822804199e-01 1.504115991398571994e+00
5.338947382467515990e-01 8.333617497643225347e-01 1.507751820809782650e+00
5.247078984544901736e-01 8.405683597255053652e-01 1.512550896534026856e+00
4.192849127384946639e-01 4.136266856645110512e-01 1.504674260111181994e+00
4.122419915412740554e-01 4.161330873252576112e-01 1.506954272198840039e+00
4.123251086321178538e-01 4.135102041061317069e-01 1.506801194008397848e+00
4.071181501272287395e-01 4.181046858942694677e-01 1.508682109199862120e+00
4.340647054191775212e-01 5.641866996428828163e-01 1.507801495292352856e+00
4.115611049322884241e-01 4.139182980413534940e-01 1.507019031540019149e+00
4.078056216511409260e-01 4.171831765449413587e-01 1.508534634816429909e+00
4.116708363751395150e-01 4.136386693199328723e-01 1.507012317122021106e+00
1.503311011956793564e-01 3.800918321893900775e-01 1.522511783940516228e+00
-4.992344222695883071e-01 -8.077109757720273286e-01 1.536449049108089993e+00
-8.656218502967130690e-02 -1.035908335099061106e-01 -1.564504414469470417e+00
-4.998629456918087799e-01 -7.009338579600816743e-01 1.476159635149044691e+00
1.244360508318234637e-02 -6.990015277541343497e-02 1.414401660853291443e+00
-1.334984350702710931e-01 6.717037501561999580e-02 1.455469506477936159e+00
2.641523294386119436e-01 2.899123426376269963e-01 1.488521725408877838e+00
8.481763730262020795e-01 -7.231059725738139266e-01 -1.391839317859713487e+00
2.276097746256363352e-01 2.905421024749753611e-01 1.504663631610339003e+00
3.984489129007802444e-02 4.350718669105839431e-02 1.429644625781738787e+00
-1.711646046880571093e-01 1.474306568765708543e-02 1.536042127228899767e+00
1.721078166688987457e-02 -6.932737350515216779e-02 1.440612538940376997e+00
5.829277725980859248e-01 -5.055946584740029781e-01 -1.475670125581397985e+00
-8.323787131408716400e-02 -1.056599134585002181e-01 -1.567006530938517050e+00
-5.537134689648542940e-02 -3.070086708630885911e-02 1.491419061336047402e+00
4.663137523892715852e-02 -1.567631972516786822e-03 1.418866867920781871e+00
7.097547618408821535e-01 -5.455518306974425080e-01 -1.426088816362623968e+00
-6.401810325191326090e-02 7.665966930924345002e-02 1.570503278541124592e+00
6.590877151243427698e-03 -8.993100818837791721e-02 1.462057411476934465e+00
1.291589011747628912e-01 1.883993198126902302e-01 1.430719585075298284e+00
-1.302582064802299822e-01 1.190159660068696723e-01 -1.552587600304272009e+00
-2.717602957023673715e-01 -7.497599791799643143e-02 1.468353306209182918e+00
-5.484053830841669752e-01 -7.467251204110314511e-01 1.480315772858381784e+00
-1.994655787654549262e-01 -8.681294186312782032e-03 1.471413078912046313e+00
1.527383445774269377e-01 3.566766241761306078e-01 1.470219618111280546e+00
1.077006000657163426e-01 3.094874931436086274e-01 1.490355255752911834e+00
-6.186517651672000795e-02 1.374146634731387706e-01 1.500689521511832991e+00
7.327159203780190255e-01 -4.759414677685792072e-01 -1.395782154149044274e+00
-4.942024138906891961e-01 -6.892388496196001357e-01 1.503642996834092305e+00
-1.161990805936403415e-01 8.373505325474302208e-02 1.547996083895743835e+00
1.524234798114986744e-01 5.025201524680982246e-01 1.508971490556541006e+00
8.160420921837505670e-01 -8.221796968756621693e-01 -1.387249769843321712e+00
4.797136494607505686e-01 7.479747720515729226e-01 1.526878218330438575e+00
4.879838311134120921e-01 7.728407408289859060e-01 1.519761518496914210e+00
3.675656627170620361e-01 8.988953171169045131e-01 1.574193926713197911e+00
4.766686610938162261e-01 7.856655736096984644e-01 1.525204607609786711e+00
4.159472981376829970e-01 8.491282119133440887e-01 1.553231199716616828e+00
4.757335402899914856e-01 7.875279396017709210e-01 1.524079230717252154e+00
4.834297537412112766e-01 7.764554474139918616e-01 1.521893604766748176e+00
4.776152982159904692e-01 7.855033147915968517e-01 1.524655424334894427e+00
4.677135704174327224e-01 7.929820810592247415e-01 1.527804274174274557e+00
4.427062694952472177e-01 5.451836365559038500e-01 1.505230568458147067e+00
-1.464433861760105759e-01 -7.151159851171408344e-02 -1.552566647214805196e+00
8.065875015432824591e-02 -3.721034445574211702e-01 -1.583641890073915315e+00
-1.381332989303877545e-01 -5.437651081275195197e-02 -1.494760029331173801e+00
-4.242897268203450756e-02 -7.469695723799741893e-01 1.586072374440097965e+00
-2.050147412251616674e-01 -5.070823374611266310e-02 1.531250652800755896e+00
-7.971907064823728628e-02 -7.134250928040504480e-02 -1.515232517779401267e+00
-9.072505059401297922e-02 -1.111442393034897114e-01 -1.561996659276760235e+00
-3.377714525028461395e-02 3.729529924518536488e-01 1.583332501204416154e+00
-1.975013496648583000e-01 -3.897634106635865930e-02 1.614651382354532316e+00
3.626205555115982054e-02 4.270829649981640608e-01 1.588081336831435042e+00
1.627736599791584360e-01 4.988695340006957801e-01 1.534234504898347451e+00
1.623058849360906747e-02 4.330695683723005396e-01 1.579961481124405154e+00
-1.442457307519551812e-01 2.179496216440149348e-01 1.547417795196808887e+00
-2.534369543616084575e-01 -1.488071277474882770e-01 -1.551705448879147520e+00
2.933059024963896033e-01 5.583582343207028620e-01 1.530667601856440019e+00
7.290754256988719872e-02 4.414920245260399723e-01 1.590050520358603503e+00
-1.904933840034648274e-01 -1.145954197277528203e-01 -1.544985295705534112e+00
-4.287112579339769775e-03 1.825684519695306429e-01 -1.501484424103106230e+00
4.288606178094487853e-01 5.581237287500534494e-01 1.486581479704608189e+00
-5.221438483845786127e-02 4.212711651416802261e-01 1.594082917523056864e+00
-4.026589831012257203e-01 -9.555925530985398542e-02 -1.491448383612962392e+00
-2.849751186478133858e-01 2.613125770086342503e-01 -1.475592913236965398e+00
-2.273484890737910991e-01 2.863674724647594094e-01 1.550969909699867921e+00
-1.959962218729409122e-01 2.546463438230277543e-01 1.532845743154733542e+00
8.167546626831249934e-02 3.658250007556888561e-01 1.577811833412718467e+00
-2.051151505947277354e-01 -8.626658710120288509e-02 -1.545528224737556577e+00
-2.495540343924719084e-03 5.143849865152616552e-01 1.596417526012873012e+00
-2.060870824893138997e-01 -4.810245307659798131e-02 -1.524497689920396359e+00
-2.339602296430349782e-01 -2.414884530743162949e-01 -1.540814651248121558e+00
5.758571034830788776e-02 4.591813521757383554e-01 1.595637588181459954e+00
1.757213792482365325e-02 4.010781594055460864e-01 1.541569873128271873e+00
-7.242814125208056619e-02 2.265421160290791713e-01 1.585818589007640167e+00
2.604130389702600246e-01 4.322257286959138578e-01 1.520888643771789450e+00
-6.207298688122044050e-02 -2.796605620055738206e-01 -1.596263211461985021e+00
-5.141708243301842257e-02 -2.116945420954818580e-01 -1.557862284746729831e+00
-2.738550200218001773e-01 -9.314637727125459413e-03 1.491484635533895986e+00
1.030762214037827806e-01 -6.040665265443619786e-02 1.421667270280559281e+00
-4.958133876082448932e-02 9.987881716211355343e-02 1.471162011317533880e+00
3.689650931917668464e-01 3.540128646501281007e-01 1.478130385582734352e+00
6.563233390804946721e-01 -5.675997496704372480e-01 -1.457438656333674531e+00
3.224013795972677787e-01 3.444768953952417889e-01 1.498007424799804532e+00
1.052707194420303000e-01 7.126724609672738242e-02 1.430358990924182283e+00
-1.051845546728391451e-01 2.213815906065062442e-02 1.552447483374568282e+00
3.921443571520308313e-02 -2.929079369460117419e-02 1.440950174317145338e+00
3.359117841551579886e-01 -2.545792822311807729e-02 -1.520952511311284727e+00
-6.084668096460395942e-02 -2.479846388383230293e-01 -1.562276845523943969e+00
4.268120901306683701e-02 -4.509221460558789779e-03 1.501486552038580502e+00
1.332899858636856505e-01 2.383017013299059891e-02 1.424144393617301718e+00
6.953796532481319737e-02 -2.579618999985917038e-01 -1.569259260430402536e+00
-1.420451894109975646e-02 -2.161409202321570300e-01 -1.564066164983175300e+00
1.015553451916084149e-01 -6.592510464934749070e-02 1.467741953390108600e+00
2.349240942989269387e-01 2.699407827541407401e-01 1.428258118255356424e+00
-2.302077345303201739e-01 2.322760986954083284e-01 -1.400196340814933160e+00
-2.100989919205096812e-01 2.541959602015835262e-01 -1.537567797798352620e+00
-1.830925204889272961e-01 -8.436399473449748831e-02 1.495019337166450635e+00
-1.625243516480645301e-01 -7.524234210880276219e-02 1.525573793885050877e+00
-3.135066131305530579e-02 2.959190985001997065e-01 1.556387387197150307e+00
1.262598859853567013e-01 9.762640910216913159e-02 1.567615181841663707e+00
-1.422706766807534384e-01 -2.277274345207625644e-02 1.490843491239393526e+00
2.391093077000985001e-01 4.147547812478193929e-01 1.468456026179558949e+00
1.391990400696093699e-01 3.258946543813144858e-01 1.495861607362815260e+00
-1.707588726727795880e-01 1.037759640100849867e-01 1.504881345696947204e+00
7.851605969929226214e-02 -2.508626339301389674e-01 -1.546170226457561414e+00
2.486313436335426189e-02 1.177342055712020247e-01 1.511805431293598234e+00
-3.250199309000231795e-01 -6.515807933962780574e-02 1.510458487886697343e+00
-6.731082426525757112e-02 -1.758127402185950261e-01 -1.576483493760295840e+00
1.818330297836494580e-01 5.463498970970438462e-01 1.513746159691522486e+00
6.589510835344105644e-01 -7.380726474067292875e-01 -1.439794288899580721e+00
