# 159-by-3 tvecs
-1.652445677008019231e+01 2.010114009936595281e+00 5.128103384353982364e+01
-1.547264386023262084e+01 -1.456587935317180893e+00 3.674940037251779046e+01
-1.031545888706991398e+01 1.955462442052451788e+00 3.236686640535181425e+01
-1.594812364319573383e+01 -2.054734408984198346e+00 3.823154926052424685e+01
-1.531822017537537484e+01 -1.259944039131803306e+00 3.636437668555367964e+01
-1.622442734266628150e+01 1.792566683347644130e+00 3.411768962106364711e+01
-1.887893356414308599e+01 1.859205123400340609e+00 3.460596881359814603e+01
-1.432711596186386327e+00 -1.123014012394186967e+00 3.144411242550946639e+01
1.650822268293534956e+00 1.864444238457593217e+00 1.643615774351364323e+01
-6.053727283050636121e-01 -1.140520852922465078e+00 3.032316842274982349e+01
4.857034579080047543e+00 -1.063984891020737011e+00 1.926250466764916425e+01
-4.568302125576253481e+00 -1.205624174498642898e+00 3.449149199543531097e+01
-1.122802433827122748e+01 -9.811552052216656605e-01 4.834580856309857211e+01
-1.553203338044277615e+01 2.036604670149540386e+00 4.583355168840409277e+01
-7.747199728572399025e+00 -1.207480595015481439e+00 3.797252155052119349e+01
3.324230383037432901e+00 -8.849314306712260381e-01 2.317019771660495664e+01
-1.653817809888161605e+01 1.996513622892207129e+00 5.110844745897178854e+01
-1.698021466835795579e+01 1.905113040980267680e+00 5.169099025620409549e+01
-1.000010674097786278e+01 -1.180343234259181084e+00 4.312638840102589910e+01
1.202472328409373903e+00 -1.074413376801140352e+00 8.468090232286305863e+00
-4.235447809913141626e+00 1.769878500149582923e+00 9.162748592734361708e+00
-1.587689281834728483e+01 1.585297470431432876e+00 4.919529574840765918e+01
-6.009627157667125630e+00 -1.092079077282782862e+00 2.940165268670148535e+01
-5.468859694419649031e+00 -1.043865960019662475e+00 2.751198045358232491e+01
9.912354634069888704e-01 -8.624847366126517922e-01 8.451601218100892154e+00
-1.021677919507240162e+01 2.039467957803513087e+00 3.041037224000227113e+01
4.371528495868028941e-01 -1.033120708510329777e+00 2.691745793244488638e+01
-1.404692054370410936e+01 1.615012483082996386e+00 3.615651379849926172e+01
-1.239663083760686213e+01 1.936463048313389335e+00 3.305750285619060236e+01
-6.567765238541715789e+00 1.956481248693766384e+00 3.117290361822156441e+01
-8.996696263444762920e+00 -1.793614713650630188e+00 3.781709389604579741e+01
-1.439439641080922172e+01 1.842312476294857060e+00 4.221221479407330435e+01
1.393237457719447514e+00 -1.187674081124122427e+00 5.803342762162261970e+00
-4.778130631848671594e-01 -8.758986561832077244e-01 5.322877601168348072e+00
2.174417544225476229e-01 -6.854787649077906941e-01 5.815861249087698859e+00
-4.064803757351600488e-01 -8.635290733375015071e-01 5.375550799304766869e+00
-5.224318700403914745e-02 -7.800507412445598643e-01 5.626907392322816115e+00
-4.119261823561432556e-01 -8.641899992364829863e-01 5.373084461557129821e+00
-4.497590500022957682e-01 -8.704665448563202457e-01 5.344389158183417088e+00
-4.120358657929925617e-01 -8.644144917423816077e-01 5.372620492479723175e+00
-3.706651932140683225e-01 -8.565213800624107421e-01 5.399950561585732167e+00
3.630660652738685101e+00 -8.223402978299328980e-01 6.297736075404219314e+00
3.651901258244006687e+00 -8.216135046129807717e-01 6.328301778624064511e+00
3.650949814507929325e+00 -8.214685193682659259e-01 6.326534620383361229e+00
3.667822629003004042e+00 -8.220305516125654410e-01 6.351900136673625852e+00
3.122386722874476384e+00 -1.145270963874470027e+00 6.114656860568517871e+00
3.653151435015243642e+00 -8.217147836569997921e-01 6.329766752035510535e+00
3.666935497527880727e+00 -8.213791506156797873e-01 6.349311550818238281e+00
3.653157210125129506e+00 -8.216301548360170903e-01 6.329679978260257300e+00
-7.725121747080128110e+00 -1.038221882893600512e+00 1.526036657790659845e+01
-9.224452337454582818e+00 -1.076668672034283292e+00 2.060484754832157961e+01
-1.407502483849608232e+01 1.956567021079952617e+00 2.816693161492048247e+01
-8.008628036552813967e+00 -1.145326153488793075e+00 2.161784848711653595e+01
-1.089725487711809748e+01 -1.529264301765230982e+00 2.527058049427857966e+01
-8.848525639719797553e+00 -1.441222259332952227e+00 2.050333940176163594e+01
-9.085694423178059864e+00 -1.070252937763637391e+00 1.684082612987078775e+01
-1.176535392207675379e+01 2.040624770516976216e+00 2.311551765475730136e+01
-9.275117603663678878e+00 -1.079697754827075640e+00 1.824606385000888054e+01
-1.000148337674367482e+01 -1.579260720879309021e+00 2.275899882638281468e+01
-1.036697654357417875e+01 -1.160523149033531265e+00 2.456647821193587333e+01
-1.111562884271067908e+01 -1.557388671405527170e+00 2.505045556206112067e+01
-1.469430572794109757e+01 1.970318022027053528e+00 3.154401094802137706e+01
-1.491714228085522009e+01 1.930743411922016595e+00 3.096567971186174262e+01
-1.193959469139662488e+01 -1.235003691230883049e+00 2.587925880761085651e+01
-1.162487907579819968e+01 -1.455123655687922790e+00 2.557502318327655288e+01
-1.476578911903389724e+01 1.911674185166019280e+00 2.242563053288253272e+01
-9.961475970277552605e+00 -1.049984944747669680e+00 3.243211925534685491e+01
-1.281468193917357823e+01 -1.397263397056030199e+00 2.781685709484882807e+01
-1.083569862550566931e+01 -1.614065932320207786e+00 1.994159351984218986e+01
-1.723194197453896592e+01 2.068862082593756035e+00 2.271993309323521970e+01
-1.350677356216039726e+01 -1.111443142302369624e+00 2.932926534250123751e+01
-1.297873463323837839e+01 -9.911955452828430380e-01 2.637583434607540411e+01
-1.447249790153119164e+01 -1.043392727345942239e+00 3.215774282770730252e+01
-1.043064123212013250e+01 -1.427543942854157200e+00 2.023699654047358365e+01
-7.944537037351039999e+00 -1.214366345343033116e+00 2.248874805404307509e+01
-6.156501175280445715e+00 -1.138653707361885870e+00 2.319346922504931641e+01
-1.502059822685907342e+01 1.854909707699516686e+00 2.246949958483707732e+01
-1.091720121688874556e+01 -1.099940541948245532e+00 2.592766928224900980e+01
-7.935002126244912191e+00 -1.045997513192389317e+00 2.543468142090127060e+01
-8.307607432819423821e+00 -1.262990331889265461e+00 2.354914352357194574e+01
-1.355642194203533535e+01 1.785605784840202714e+00 2.175071895357784513e+01
-2.460164707754691760e-02 -1.218570018744438821e+00 6.838629946415744065e+00
-1.462520145467242960e+00 -8.904147007377946066e-01 5.944763694323912162e+00
-9.639395273441486722e-01 -7.110586005331498427e-01 6.562842445880966658e+00
-1.410443372014082763e+00 -8.785413405985887936e-01 6.009244039756872269e+00
-1.154757587292106535e+00 -7.993195076448881276e-01 6.319839600569214788e+00
-1.422914248436065732e+00 -8.811105466988056190e-01 6.033275359311359942e+00
-1.442081299326324562e+00 -8.850735218628057455e-01 5.971181083503585896e+00
-1.414662485450320917e+00 -8.790643844142326246e-01 6.005789651396008288e+00
-1.391933603314129630e+00 -8.737687262610464023e-01 6.065468864705707119e+00
1.400572559953406682e+00 -1.190159809872145535e+00 7.166476886492374909e+00
-7.799838229897065212e+00 2.227559095105908771e+00 4.339428071371972351e+01
-1.444054969099999219e+01 1.676314919308370621e+00 3.094309962425083071e+01
-4.738954729272183641e+00 2.071610872521847835e+00 2.690330506097903651e+01
-9.852711114767560119e+00 -1.820664190295887552e+00 3.356245628121010327e+01
-9.942693131811768836e+00 -1.090374326226317248e+00 3.323091752959468437e+01
-1.079613811380279564e+01 1.921156942021678304e+00 3.001556527422334852e+01
-1.360761145803905769e+01 1.985281359915916921e+00 3.130193139200122943e+01
4.854582282591032971e+00 -9.220775568779516762e-01 2.629173263656757342e+01
1.074152477172880538e+01 -7.095004622013250106e-01 1.567550553762452203e+01
5.518271078888134618e+00 -9.573632391247808293e-01 2.505225218949312804e+01
9.591765685053047719e+00 -9.239562509226333376e-01 1.651070831481269607e+01
1.951356229948518095e+00 -1.008014744792786299e+00 2.897451314669463684e+01
-2.724728866350773604e+00 -7.123760821418799738e-01 4.145204326679572659e+01
-7.669571749165039698e+00 2.182696822168981754e+00 3.825079666954177071e+01
-9.051258637514552063e-01 -1.008910023704298942e+00 3.239811883239940471e+01
8.582695141129562444e+00 -7.275041500341364875e-01 1.960091841350085318e+01
-7.795959274710008380e+00 2.194039601311388754e+00 4.295149877277259520e+01
-8.255193133629461499e+00 2.127260086601785449e+00 4.415464201325644211e+01
-2.378627472646031471e+00 -9.620022493848333633e-01 3.699720739415656823e+01
3.001279867489095476e+00 -1.006104883841181685e+00 7.254098488384908450e+00
-2.609393744532938708e+00 1.695348665188300963e+00 7.386734493661252898e+00
-7.650287073323307929e+00 1.819892766869511513e+00 4.248874640825638238e+01
-7.831325605045427185e-01 -9.032434838475722483e-01 2.488055406799957581e+01
-5.712919615218436942e-01 -8.687925812478807241e-01 2.353091113105835319e+01
2.846433110048799620e+00 -8.053077775575525621e-01 7.341377715507933388e+00
-4.993572799273020557e+00 2.129822721173686428e+00 2.525637021823043682e+01
5.964666170338098539e+00 -8.450200187848541100e-01 2.222488886041730893e+01
-8.045635468764418263e+00 1.756565231077760636e+00 3.088332746041616517e+01
-6.632932359996401850e+00 1.988181641998866489e+00 2.703783969163914946e+01
4.053193895024958415e+00 -8.123620028682119187e-01 2.475539798810802594e+01
-2.368752027195915044e+00 -1.583903817865189634e+00 3.236533565249358446e+01
-2.170656975937030442e+00 -8.819095371866022548e-01 3.569198490873397844e+01
-5.675705956027822019e+00 -9.703256237220051483e-01 1.432786528530904846e+01
-1.098486674770332883e+01 1.991762309290389554e+00 1.737957528144474395e+01
-9.465864394798018111e+00 2.035299575300149488e+00 2.447222280533909711e+01
-4.555105623360757860e+00 -1.070647946768044312e+00 1.897698174189766007e+01
-7.069576378573758646e+00 -1.399019065973643894e+00 2.278031561569335750e+01
-5.880808843385341156e+00 -1.349636713766270368e+00 1.882819861817129947e+01
-6.784587762022301405e+00 -9.931283599993840916e-01 1.577368199357023393e+01
-8.229266215666054762e+00 2.116779895257475896e+00 2.080070213001174650e+01
-6.726550952083817592e+00 -9.965169588789996036e-01 1.696539532179469489e+01
-6.671610580463730678e+00 -1.475329886213505803e+00 2.084309039652342577e+01
-6.776406951360777420e+00 -1.046408393061371012e+00 2.250324627981119008e+01
-7.605640022720742799e+00 -1.468033210079633388e+00 2.338010764546325504e+01
-9.779487894886024435e+00 2.066790426103462863e+00 2.826721098151059053e+01
-9.786769161289633701e+00 2.014415092839061394e+00 2.665919341803219567e+01
-8.186246264524246641e+00 -1.113358895005540861e+00 2.373556713886087266e+01
-7.840171686941885376e+00 -1.328793745486587241e+00 2.329184667840327094e+01
-1.198345027083997927e+01 2.000364174921374527e+00 2.189631632620544011e+01
-9.639307720211439445e+00 2.036713804454866494e+00 2.769860834422339124e+01
-8.715518076329527020e+00 -1.261396704136448221e+00 2.536469768824995441e+01
-8.118895530893057710e+00 -1.529655334881481421e+00 1.871404218861803415e+01
-1.328310664438023458e+01 1.076465520198668813e+00 2.069791199992385700e+01
-1.412894760880055145e+01 2.112036638467263305e+00 2.221921922726898657e+01
-9.325051833979181026e+00 -9.798000361056534713e-01 2.711494468654406731e+01
-9.052957608736388551e+00 -9.056963719811813585e-01 2.395475974838779010e+01
-8.347923706554519541e+00 -5.786121732299547293e-01 1.908164315123500288e+01
-9.188280017551869960e+00 -8.570566973727037352e-01 2.111224666604606170e+01
-9.836796383192352167e+00 -8.945352537250566005e-01 2.964200766485747351e+01
-7.649818655559147196e+00 -1.344614143727020705e+00 1.893547434813927666e+01
-4.424748787730568012e+00 -1.102839540225364567e+00 2.015141725998911326e+01
-2.294222986530276565e+00 -1.007653480126228906e+00 2.042966572958515314e+01
-1.207365488203775605e+01 1.897907772704968687e+00 2.165176395212480287e+01
-6.541298290727542764e+00 -9.834389387675267491e-01 1.735795494109013504e+01
-6.999501200756764518e+00 -9.971779379715546288e-01 2.340784026012473262e+01
-8.764904886215482804e+00 2.073346505570333953e+00 2.168911653971219877e+01
-4.595236374548905545e+00 -1.148382014543882557e+00 2.102313000168738810e+01
-1.040356423425835430e+01 1.849104569878410320e+00 2.021770260882977510e+01
