# 80-by-3 rvecs
2.234980283575385002e-02 1.955214576388164816e-01 1.573048763784730131e+00
4.391315212484401820e-01 -4.449418400584169153e-01 -1.512190276396025990e+00
8.787089940101373564e-01 -8.753238186263277987e-01 -1.381615522518211403e+00
5.232427395670118386e-01 5.672778620465835919e-01 1.513890640423591671e+00
-5.895297676513507890e-01 -4.438189731160958051e-01 1.450078033214552864e+00
6.567293605730908923e-02 -1.793885487949533897e-01 -1.550089764398462799e+00
8.045747382098297762e-02 -7.359204508967898128e-02 1.561913546535250941e+00
4.403152148343063566e-01 -5.008249298377915881e-01 1.538243161459925012e+00
-1.461937178787980907e-01 1.239032992356891780e-02 1.554387346223653266e+00
4.731461035853939956e-01 -6.275873174015764722e-01 -1.532100753761202361e+00
3.429398073910109868e-01 3.107468386493759116e-01 1.552749558594116230e+00
-3.272044962441580385e-01 2.820331549725685893e-01 -1.498694259006180252e+00
-3.117595044625437462e-01 2.552359121922833096e-01 -1.526088678074274840e+00
-8.716367740126250430e-02 3.170016741722250786e-02 1.536613175998031933e+00
-1.746763509086287358e-01 -9.583039131262146779e-03 1.566885061467668594e+00
-1.123049908314109474e-01 -7.111759121043427501e-02 1.499127173216173947e+00
1.325371863793651517e-01 2.832950963592460458e-01 -1.280628519606496596e+00
-5.661034067583757823e-01 2.170123212120659839e-01 -1.233734289089492231e+00
3.255984419929032758e-01 3.429897660418653182e-01 1.512615645404824738e+00
4.478401527911003988e-01 4.719449412544690636e-01 1.473010794466288687e+00
8.582608065997261726e-03 2.669457629873971394e-01 -1.523946728054741628e+00
3.951007319936539197e-01 5.032705144304016054e-01 1.500620837393253026e+00
7.937323714449392442e-01 7.407202023976071636e-01 1.396707370516462099e+00
9.282022036128085851e-01 9.595075651612567924e-01 1.358790410627501055e+00
2.149772045364982398e-02 -2.727332814340536760e-01 -1.513000102815670767e+00
1.764701347787328220e-02 -3.207708607003829648e-01 -1.499536458688370155e+00
1.679936369270223495e-01 -3.838210089620680988e-03 1.560842786445206132e+00
-5.389520793246221214e-02 -1.703167112160489105e-01 -1.486031001687156516e+00
-1.803090825679145859e-01 5.467954842032749646e-02 -1.517406229874086021e+00
1.805325868829968095e-01 1.799276625234366433e-01 1.555463297261142186e+00
-9.427265042926262495e-02 -1.988570941549657189e-01 -1.504138633741731290e+00
1.038408855858281021e-01 -3.171538988920176161e-01 -1.486299841672011235e+00
-2.707859669266114364e-02 -2.076406761271679946e-01 -1.540716472216087540e+00
-4.581606525701107935e-01 -5.382471549521111731e-01 -1.524132261757359830e+00
-3.806310095033343943e-01 -3.136527645609977766e-01 -1.510366116541107973e+00
5.079487528330633994e-01 -4.768221977071767648e-01 -1.469488610782396787e+00
-1.135922026408368174e-01 2.026545614079329760e-01 1.542948359081302456e+00
-7.679765699008624276e-03 -2.110736068038823743e-01 -1.537463769369634470e+00
5.176452729199508725e-03 -8.151825515743267581e-02 -1.508654900528199505e+00
-1.888340223254697525e-01 2.052335843182596410e-03 -1.525876458643864897e+00
1.681510399275196466e-01 5.772202233609939892e-01 1.446202730084329868e+00
-6.865252722839778610e-01 2.973884145670404600e-01 -1.416406462402803879e+00
3.860094614268529123e-02 5.582642631347054657e-02 1.490769918615251877e+00
1.705005690107621111e-02 3.635283275023285521e-01 1.553673618701195469e+00
2.225889945820714588e-01 -5.030661313992310091e-02 1.377950456089994447e+00
-2.225594190430065511e-01 3.341103168147052660e-01 -1.269086658876971363e+00
-4.221331112078400283e-01 2.300503544806871692e-01 -1.162779617500885765e+00
8.605329461859485551e-01 -4.044237070983767723e-01 1.313208972475573111e+00
-1.964399847695488255e-01 7.171787812661846173e-01 -1.496868421238093827e+00
-4.134101663545837746e-01 3.500166185797758123e-02 -1.463580125795231002e+00
-3.403777171408339242e-01 4.521838330547633955e-01 1.527132601739191520e+00
1.464934103593886205e-01 -1.289155862605078640e-01 1.360665100340704869e+00
5.622200367005167898e-01 2.266685995718662749e-01 1.471590733382103222e+00
1.824289634359220202e-01 2.236958986132257712e-03 1.522333560146599485e+00
-1.136745162006356363e-01 -3.125359880968465315e-02 1.503442670791405478e+00
-1.565488469123449966e-01 6.826881337775286829e-02 -1.561282523700163516e+00
6.841480309296409379e-01 8.087909427990992439e-01 1.379460841788571202e+00
-1.143139082290118014e-01 -2.472317272952974029e-02 -1.504898306058435109e+00
-1.571253088717675106e-01 1.542782965254571245e-02 -1.501323450190749975e+00
5.342124825942800026e-01 7.206848187805262596e-01 1.418927522310829303e+00
4.032769496120010982e-02 1.266797926949118358e-01 -1.518632706802269805e+00
3.416126280961516160e-01 4.631667732463995990e-01 -1.528783250004698280e+00
4.076467571914958454e-01 4.401141616498032150e-01 1.445944751501690773e+00
-1.978136324703710092e-01 5.404775054548922597e-01 1.570567091470186805e+00
-1.090064540584227970e-01 -3.680011736761125418e-02 -1.534658235484672284e+00
6.815442093487551582e-03 2.150798339505245182e-01 -1.471649627455423159e+00
3.752888511577699704e-02 3.270207426247030008e-02 1.578404609728060848e+00
-8.336906164308563461e-02 -1.450723697524379519e-01 1.522438404942023205e+00
-3.358062863959088151e-02 1.441171352633675573e-01 1.556164163970574998e+00
-1.640807437557439963e-01 -2.805174177434718863e-02 -1.519698129387224927e+00
-2.389431621608205658e-01 -3.917987678793365819e-02 1.552757151702139238e+00
-3.042002413014099210e-02 1.431209282344002298e-01 1.535762913708227595e+00
1.488084214474547917e-01 1.490345846377298666e-01 1.575509766093384778e+00
6.853263566458134282e-02 -6.366515080280387151e-01 1.531918247469491901e+00
4.694906149607372403e-01 3.243093015461787076e-02 -1.499296673888364406e+00
2.347868325428576972e-02 -6.026879936067537358e-01 1.513655609062588780e+00
3.269973601159378296e-01 5.126564692162500769e-01 1.522656024265842012e+00
-1.157882175787748992e-03 5.532819161923134832e-01 -1.370426283754121233e+00
3.399200085859926390e-01 4.581826033558177302e-01 1.501744027426646699e+00
8.655899523609265067e-01 -3.006345762774311203e-01 8.117096236394063524e-01
