# 80-by-3 tvecs
-3.518440351967158986e+00 -3.538432029588463923e+00 3.629946377964417792e+01
-2.631230062197892750e+01 -8.912137972860395552e-01 6.496947884140897145e+01
-2.660379737881568474e+01 -8.509549708625631093e-01 6.568396925141362885e+01
-5.290907942169778444e+00 -3.434656638397199924e+00 3.346869044101843116e+01
-4.205661564703103927e+00 -3.731592106580698509e+00 4.100797174455583161e+01
-2.613652175429199076e+01 -9.009258195504528111e-01 6.393837425184678125e+01
-1.025012615095912238e+01 -4.319823750861965905e+00 6.853200954040843840e+01
-9.913235341516038801e+00 -3.863093612247032738e+00 6.741396908146847977e+01
-2.061446991858285571e+01 -3.853349690214955992e+00 6.332466364198417352e+01
-7.832736321842133975e+00 -5.849843848636252508e-01 3.763885343768380665e+01
-4.337250937608700063e+00 -3.322652807282707066e+00 3.447178812549060467e+01
4.001446476421177678e+00 -4.818185456644489828e-01 6.475660741704575685e+01
5.673499308848905187e+00 -4.291828872772084913e-01 6.446234895423954470e+01
-5.383201873778505231e+00 -3.665794226301174685e+00 3.723778085914943148e+01
-1.087277196086405517e+01 -3.782603025851139389e+00 4.155983161024602879e+01
-1.983238060247621348e+01 -4.489056283206680042e+00 6.095414740938547737e+01
1.111239533557912651e+01 1.177240177318865211e+00 4.646855819749122674e+01
8.436680920349555635e+00 2.392277529417944582e+00 4.233304199172470561e+01
1.417074269170023371e+01 -3.655061479045590644e+00 6.192927763207610781e+01
1.718110937450256515e+01 -3.523550014406827025e+00 6.065370509973224955e+01
1.349528679201680426e+01 3.475038023876342308e-01 5.161697465045099875e+01
2.044815372869771863e+01 -3.428587320007328465e+00 5.939662581219668169e+01
2.064048592673259108e+01 -2.961794010731286786e+00 5.700146565479498406e+01
1.962054068815325536e+01 -2.952745700529706863e+00 5.667338200850981167e+01
-2.100621734633465465e+01 -6.187213154139030724e-01 6.897480951144079597e+01
-2.106610937516069981e+01 -6.108177362815082612e-01 6.898798975150494073e+01
2.720373677757146336e+00 -3.600312168157945525e+00 6.441818215504633827e+01
-2.225142005427889913e+01 -5.346057084481002919e-01 6.755553725403166254e+01
-1.178670710275257072e+01 -7.799727414265678060e-01 6.794509404918730411e+01
-2.435157325788037674e+00 -3.811729447581691854e+00 6.599219442023701276e+01
-2.093108998938765808e+01 -6.173114465314709642e-01 6.870196360363841848e+01
-2.445741578391954008e+01 -6.555742928490219112e-01 6.577562894079666478e+01
-1.977173301999291866e+01 -6.123294140277009134e-01 6.872381392669524303e+01
-1.536967610918934746e+01 -1.127612498820616871e+00 6.868124906981084621e+01
-1.534573633501106471e+01 -1.078763258993786334e+00 6.829067083079613099e+01
-2.643851297790774524e+01 -7.654159160743628787e-01 6.509508097068153631e+01
-1.060304704977423285e+01 -3.998840399754665764e+00 6.919420262199911065e+01
-1.712399437953790482e+01 -6.742541416088533301e-01 6.855758234679154839e+01
-1.543972868972398693e+01 -7.133953945034428035e-01 6.885230862161992604e+01
-1.476577956155646376e+01 -8.667791275565434050e-01 6.861624238139509657e+01
9.758562124677336413e+00 4.572749709999723855e-01 3.277026893862162638e+01
6.941829921883245547e+00 2.776359074137629612e+00 3.846834756723755788e+01
8.325705235236977586e+00 7.547904380560400694e-01 2.921985140191085151e+01
7.312740528376890481e+00 8.241869576649700768e-01 2.386635321845878011e+01
4.764687344756555198e+00 -5.639177621628478576e+00 1.929771355368604091e+01
-7.277603827297865813e+00 -3.738978738575475802e+00 2.466568385585925682e+01
1.207941246764014487e+00 -2.533717486170142141e+00 2.739455631267620461e+01
-2.233619360564170542e+00 -2.649680324458242087e+00 1.896390951877743092e+01
-4.807938958392355744e+00 -1.162583176367064652e+00 2.767136314178734580e+01
-2.030377354889055130e+00 -1.080577110450924749e+00 1.530538127822642736e+01
2.661293839542119066e+00 -2.734620042564107845e+00 1.431205489420608323e+01
3.614302859468822682e+00 -4.576167649309449637e+00 1.618295606122225294e+01
3.099021046911388133e+00 -3.582006452339171254e+00 1.722026955797229775e+01
1.169054719876957016e+01 -3.464945241601319559e+00 3.269935581368674349e+01
1.154312420688696861e+01 -3.680747602808755570e+00 3.430354819185822635e+01
1.674422501565815402e+00 -1.881976394006933118e-01 3.794075015975982268e+01
9.388402116765320216e+00 -3.732150783208429079e+00 2.994234445629167141e+01
-5.222341059157654009e+00 -4.143308574971851788e-01 3.755327621979689923e+01
-1.745415973493869677e+00 -2.939960045302168479e-01 3.792877977803483702e+01
9.927671729997159744e+00 -3.780569667926425126e+00 3.046591833101141589e+01
-7.894702533501998687e+00 -4.999023905159318271e-01 3.669223263523025480e+01
-7.884990336035174963e+00 -5.398191211841403270e-01 3.683542128572182861e+01
1.110298044020291641e+01 -3.754753915717592427e+00 3.112722904706133420e+01
-2.791934690104811878e+00 -3.466064899699635493e+00 3.656670255413416015e+01
-7.819017819120001711e+00 -4.388777429960213916e-01 3.676640653344998100e+01
-3.449588050286467311e+00 6.698821197156673568e-02 1.235285371536827448e+01
9.046004212288909496e-01 -2.694546073803151476e+00 1.428176483973562050e+01
1.104802185535959547e+00 -3.209650686187330848e+00 1.163966004341665261e+01
9.806579832421633558e-01 -2.790113609943187356e+00 1.716341415900770784e+01
-4.409192223355695717e+00 3.258041128247953777e-01 1.997801890683999204e+01
-2.750866499729075265e+00 -3.162636085373349282e+00 2.192190351134579984e+01
-8.749602191323043732e-01 -3.074241730267755379e+00 2.181588945288057602e+01
-3.076611185684595018e+00 -3.446123636717476568e+00 3.589506538758836740e+01
-4.002454176867966673e-01 -3.626923081613109723e+00 1.439955599774499362e+01
-5.868467488432368206e+00 -4.566626098166570169e-01 1.533558540917887569e+01
-5.950797123586258897e-01 -3.808170165304713972e+00 1.530697481447684183e+01
1.078829901373674005e+01 -3.371781167771847887e+00 3.121887889581228492e+01
-6.470406164829543449e+00 3.751523873272522014e-01 1.587837371912241125e+01
1.103613104131632383e+01 -3.256688413562022877e+00 3.256438801484190293e+01
-2.284297635820863093e+00 -3.529932013880604291e+00 1.167772319797428615e+01
